====================
cycle 1	96	B		#2		

registers:
r00: 0	0	0	0	0	0	0	0	
r08: 0	0	0	0	0	0	0	0	
r16: 0	0	0	0	0	0	0	0	
r24: 0	0	0	0	0	0	0	0	

data:
220: [0, 0, 0, 0, 0, 0, 0, 0]
252: [0, 0, 0, 0, 0, 0, 0, 0]
284: [0, 0, 0, 0, 0, 0, 0, 0]
316: [0, 0, 0, 0, 0, 0, 0, 0]
====================
cycle 2	104	NOP

registers:
r00: 0	0	0	0	0	0	0	0	
r08: 0	0	0	0	0	0	0	0	
r16: 0	0	0	0	0	0	0	0	
r24: 0	0	0	0	0	0	0	0	

data:
220: [0, 0, 0, 0, 0, 0, 0, 0]
252: [0, 0, 0, 0, 0, 0, 0, 0]
284: [0, 0, 0, 0, 0, 0, 0, 0]
316: [0, 0, 0, 0, 0, 0, 0, 0]
====================
cycle 3	108	NOP

registers:
r00: 0	0	0	0	0	0	0	0	
r08: 0	0	0	0	0	0	0	0	
r16: 0	0	0	0	0	0	0	0	
r24: 0	0	0	0	0	0	0	0	

data:
220: [0, 0, 0, 0, 0, 0, 0, 0]
252: [0, 0, 0, 0, 0, 0, 0, 0]
284: [0, 0, 0, 0, 0, 0, 0, 0]
316: [0, 0, 0, 0, 0, 0, 0, 0]
====================
cycle 4	112	NOP

registers:
r00: 0	0	0	0	0	0	0	0	
r08: 0	0	0	0	0	0	0	0	
r16: 0	0	0	0	0	0	0	0	
r24: 0	0	0	0	0	0	0	0	

data:
220: [0, 0, 0, 0, 0, 0, 0, 0]
252: [0, 0, 0, 0, 0, 0, 0, 0]
284: [0, 0, 0, 0, 0, 0, 0, 0]
316: [0, 0, 0, 0, 0, 0, 0, 0]
====================
cycle 5	116	B		#2		

registers:
r00: 0	0	0	0	0	0	0	0	
r08: 0	0	0	0	0	0	0	0	
r16: 0	0	0	0	0	0	0	0	
r24: 0	0	0	0	0	0	0	0	

data:
220: [0, 0, 0, 0, 0, 0, 0, 0]
252: [0, 0, 0, 0, 0, 0, 0, 0]
284: [0, 0, 0, 0, 0, 0, 0, 0]
316: [0, 0, 0, 0, 0, 0, 0, 0]
====================
cycle 6	124	NOP

registers:
r00: 0	0	0	0	0	0	0	0	
r08: 0	0	0	0	0	0	0	0	
r16: 0	0	0	0	0	0	0	0	
r24: 0	0	0	0	0	0	0	0	

data:
220: [0, 0, 0, 0, 0, 0, 0, 0]
252: [0, 0, 0, 0, 0, 0, 0, 0]
284: [0, 0, 0, 0, 0, 0, 0, 0]
316: [0, 0, 0, 0, 0, 0, 0, 0]
====================
cycle 7	128	NOP

registers:
r00: 0	0	0	0	0	0	0	0	
r08: 0	0	0	0	0	0	0	0	
r16: 0	0	0	0	0	0	0	0	
r24: 0	0	0	0	0	0	0	0	

data:
220: [0, 0, 0, 0, 0, 0, 0, 0]
252: [0, 0, 0, 0, 0, 0, 0, 0]
284: [0, 0, 0, 0, 0, 0, 0, 0]
316: [0, 0, 0, 0, 0, 0, 0, 0]
====================
cycle 8	132	NOP

registers:
r00: 0	0	0	0	0	0	0	0	
r08: 0	0	0	0	0	0	0	0	
r16: 0	0	0	0	0	0	0	0	
r24: 0	0	0	0	0	0	0	0	

data:
220: [0, 0, 0, 0, 0, 0, 0, 0]
252: [0, 0, 0, 0, 0, 0, 0, 0]
284: [0, 0, 0, 0, 0, 0, 0, 0]
316: [0, 0, 0, 0, 0, 0, 0, 0]
====================
cycle 9	136	NOP

registers:
r00: 0	0	0	0	0	0	0	0	
r08: 0	0	0	0	0	0	0	0	
r16: 0	0	0	0	0	0	0	0	
r24: 0	0	0	0	0	0	0	0	

data:
220: [0, 0, 0, 0, 0, 0, 0, 0]
252: [0, 0, 0, 0, 0, 0, 0, 0]
284: [0, 0, 0, 0, 0, 0, 0, 0]
316: [0, 0, 0, 0, 0, 0, 0, 0]
====================
cycle 10	140	NOP

registers:
r00: 0	0	0	0	0	0	0	0	
r08: 0	0	0	0	0	0	0	0	
r16: 0	0	0	0	0	0	0	0	
r24: 0	0	0	0	0	0	0	0	

data:
220: [0, 0, 0, 0, 0, 0, 0, 0]
252: [0, 0, 0, 0, 0, 0, 0, 0]
284: [0, 0, 0, 0, 0, 0, 0, 0]
316: [0, 0, 0, 0, 0, 0, 0, 0]
====================
cycle 11	144	NOP

registers:
r00: 0	0	0	0	0	0	0	0	
r08: 0	0	0	0	0	0	0	0	
r16: 0	0	0	0	0	0	0	0	
r24: 0	0	0	0	0	0	0	0	

data:
220: [0, 0, 0, 0, 0, 0, 0, 0]
252: [0, 0, 0, 0, 0, 0, 0, 0]
284: [0, 0, 0, 0, 0, 0, 0, 0]
316: [0, 0, 0, 0, 0, 0, 0, 0]
====================
cycle 12	148	NOP

registers:
r00: 0	0	0	0	0	0	0	0	
r08: 0	0	0	0	0	0	0	0	
r16: 0	0	0	0	0	0	0	0	
r24: 0	0	0	0	0	0	0	0	

data:
220: [0, 0, 0, 0, 0, 0, 0, 0]
252: [0, 0, 0, 0, 0, 0, 0, 0]
284: [0, 0, 0, 0, 0, 0, 0, 0]
316: [0, 0, 0, 0, 0, 0, 0, 0]
====================
cycle 13	152	NOP

registers:
r00: 0	0	0	0	0	0	0	0	
r08: 0	0	0	0	0	0	0	0	
r16: 0	0	0	0	0	0	0	0	
r24: 0	0	0	0	0	0	0	0	

data:
220: [0, 0, 0, 0, 0, 0, 0, 0]
252: [0, 0, 0, 0, 0, 0, 0, 0]
284: [0, 0, 0, 0, 0, 0, 0, 0]
316: [0, 0, 0, 0, 0, 0, 0, 0]
====================
cycle 14	156	NOP

registers:
r00: 0	0	0	0	0	0	0	0	
r08: 0	0	0	0	0	0	0	0	
r16: 0	0	0	0	0	0	0	0	
r24: 0	0	0	0	0	0	0	0	

data:
220: [0, 0, 0, 0, 0, 0, 0, 0]
252: [0, 0, 0, 0, 0, 0, 0, 0]
284: [0, 0, 0, 0, 0, 0, 0, 0]
316: [0, 0, 0, 0, 0, 0, 0, 0]
====================
cycle 15	160	NOP

registers:
r00: 0	0	0	0	0	0	0	0	
r08: 0	0	0	0	0	0	0	0	
r16: 0	0	0	0	0	0	0	0	
r24: 0	0	0	0	0	0	0	0	

data:
220: [0, 0, 0, 0, 0, 0, 0, 0]
252: [0, 0, 0, 0, 0, 0, 0, 0]
284: [0, 0, 0, 0, 0, 0, 0, 0]
316: [0, 0, 0, 0, 0, 0, 0, 0]
====================
cycle:16	164	ADDI	R0	R1	#5

registers:
r00: 5	0	0	0	0	0	0	0	
r08: 0	0	0	0	0	0	0	0	
r16: 0	0	0	0	0	0	0	0	
r24: 0	0	0	0	0	0	0	0	

data:
220: [0, 0, 0, 0, 0, 0, 0, 0]
252: [0, 0, 0, 0, 0, 0, 0, 0]
284: [0, 0, 0, 0, 0, 0, 0, 0]
316: [0, 0, 0, 0, 0, 0, 0, 0]
====================
cycle 17	168	B		#14		

registers:
r00: 5	0	0	0	0	0	0	0	
r08: 0	0	0	0	0	0	0	0	
r16: 0	0	0	0	0	0	0	0	
r24: 0	0	0	0	0	0	0	0	

data:
220: [0, 0, 0, 0, 0, 0, 0, 0]
252: [0, 0, 0, 0, 0, 0, 0, 0]
284: [0, 0, 0, 0, 0, 0, 0, 0]
316: [0, 0, 0, 0, 0, 0, 0, 0]
